22 12 16 34 43 29
25 24 45 26 4 12
8 34 30 39 7 29
23 36 35 24 44 13
33 43 22 23 15 26
12 22 14 8 17 25
35 32 39 43 22 44
23 42 8 34 3 5
15 40 8 37 24 28
34 19 41 38 32 9
13 4 36 15 39 19
2 46 44 35 16 30
37 20 13 32 9 10
6 31 11 24 35 23
32 3 19 43 40 8
1 5 9 45 30 2
2 43 6 14 38 25
43 12 1 14 27 3
4 36 31 40 5 43
32 31 11 39 15 30
32 11 49 2 26 18
37 38 47 45 3 14
39 32 19 9 36 37
37 35 46 18 26 41
10 40 43 7 29 42
6 48 38 4 42 46
32 11 35 36 23 28
35 3 23 10 13 27
15 3 9 21 33 18
17 18 21 35 36 43
11 44 16 9 19 42
33 28 20 29 13 14
8 6 47 31 27 28
36 15 32 47 42 35
25 16 34 45 41 47
30 40 22 8 24 36
2 1 45 44 7 41
18 26 2 17 41 13
40 15 7 41 10 14
43 35 6 19 11 18
6 11 24 31 32 45
10 20 5 2 42 25
2 4 20 42 48 9
3 17 7 2 38 37
29 19 5 28 37 12
11 2 36 26 22 1
13 21 3 33 32 17
4 47 44 41 49 3
31 49 25 32 41 14
21 34 10 13 23 38
17 37 47 42 4 29
5 44 49 8 26 45
32 39 48 47 13 8
33 26 44 37 38 7
31 38 44 42 28 6
22 1 21 15 20 33
34 7 22 10 43 2
3 29 41 14 18 31
15 19 39 43 48 49
28 17 40 42 29 47
22 43 13 42 39 41
39 13 48 35 15 2
21 5 46 10 42 2
9 11 17 31 7 14
47 15 3 1 38 24
36 2 14 16 12 46
10 40 7 5 8 38
38 4 12 32 42 46
29 9 7 1 22 32
18 17 6 49 41 37
3 6 20 23 26 37
21 14 46 40 6 10
6 24 29 30 36 49
24 11 31 16 13 3
1 22 39 42 43 47
19 4 28 11 46 48
6 49 G W  
6 24 29 30 36 49
24 11 31 16 13 3
1 22 39 42 43 47
19 4 28 11 46 48
1 12 32 24 49 16
6 44 45 13 18 22
14 12 38 17 15 31
24 15 23 32 5 7
33 16 8 44 15 47
7 12 22 43 9 19
23 32 49 2 25 43
42 11 41 12 35 23
36 17 44 14 4 32
31 23 48 3 39 41
5 20 33 16 41 48
42 25 4 9 33 16
49 3 44 4 12 2
28 6 27 26 43 25
4 21 45 42 26 31
43 46 47 24 34 1
20 18 17 31 15 13
25 10 21 36 1 35
4 35 34 47 26 14
5 13 22 29 18 2
9 13 5 30 39 11
4 16 11 43 12 21
20 42 11 9 35 31
11 37 39 28 27 29
21 3 39 28 47 45
6 4 34 28 7 43
7 35 47 8 17 36
27 3 22 2 38 48
2 10 23 24 32 34
26 35 49 15 20 14
7 3 38 45 43 8
11 48 20 8 36 21
31 29 20 33 18 15
43 26 4 28 10 20
40 15 36 19 16 28
1 8 36 22 42 19
4 45 26 41 14 32
26 16 30 37 42 38
28 17 22 29 40 4
4 1 16 46 35 34
36 23 4 29 25 45
44 47 49 12 10 15
22 2 38 42 15 25
15 41 38 20 43 8
15 24 32 17 37 27
40 22 27 4 2 10
11 34 12 9 44 21
42 11 49 7 6 15
1 23 9 12 27 22
46 30 5 7 9 21
20 13 47 30 32 37
2 30 32 45 43 15
32 39 43 4 3 40
32 30 24 44 36 21
16 24 31 41 44 47
17 42 19 7 20 47
7 47 27 30 43 8
7 17 22 12 41 27
9 34 3 31 32 24
6 34 37 2 9 46
2 10 21 48 16 45
22 35 8 20 25 34
41 13 29 38 8 18
9 31 12 24 11 23
36 30 16 49 31 24
44 10 30 8 29 20
5 40 4 39 45 37
43 33 8 14 3 25
26 39 32 8 35 2
24 23 38 13 10 48
40 9 28 46 10 11
41 22 23 42 5 34
27 35 31 42 8 2
5 3 34 27 9 48
14 48 1 31 33 36
23 37 21 29 10 31
28 34 10 36 29 17
34 43 31 11 6 42
21 48 4 34 22 43
40 26 5 7 42 33
24 37 9 2 22 44
35 9 6 22 37 12
16 6 34 18 44 12
39 20 22 19 5 4
34 21 9 18 39 36
44 39 12 40 13 1
1 22 42 23 37 18
7 22 11 43 44 6
20 25 42 1 7 33
1 13 25 27 10 45
25 41 4 6 49 26
39 14 27 9 6 28
46 6 12 48 7 27
20 10 37 6 4 26
10 11 37 28 15 16
30 31 20 7 23 22
48 16 19 8 27 47
10 4 11 45 3 47
26 28 30 38 40 41
10 33 37 9 17 45
10 27 2 30 7 49
6 49 G W  
2 26 23 12 28 42
20 12 13 37 17 31
34 10 45 33 9 41
3 32 45 37 29 7
13 49 37 26 18 3
44 46 10 34 13 23
2 25 24 19 1 47
28 24 42 39 10 9
35 29 12 23 41 21
7 49 16 8 10 40
39 13 49 42 14 45
47 25 41 34 40 43
15 42 30 9 1 26
47 45 27 8 48 2
41 5 12 1 15 3
33 10 18 6 28 38
41 21 15 11 13 2
6 49 29 34 22 46
4 47 16 12 3 8
20 7 23 15 14 46
49 37 36 34 28 17
34 22 46 43 42 26
41 24 3 9 10 47
29 36 34 13 15 25
26 6 25 45 12 3
33 2 48 14 42 49
9 27 22 40 20 29
39 11 43 15 34 31
36 6 3 34 41 11
32 34 28 14 6 40
28 27 36 21 49 1
49 1 36 28 31 38
27 2 34 26 31 14
1 30 24 9 31 48
33 45 26 8 41 43
43 31 16 2 7 20
11 49 30 22 48 44
49 38 33 31 39 14
8 24 1 45 23 11
31 13 1 28 37 27
19 17 11 6 42 4
13 24 37 7 17 44
43 30 4 32 20 7
33 17 40 7 42 14
28 6 8 14 33 18
35 13 20 43 26 23
20 36 4 29 44 14
36 39 27 20 4 24
33 10 9 3 23 11
47 6 15 49 28 46
23 27 11 8 34 25
21 24 30 16 20 38
31 2 36 1 16 5
3 34 4 10 8 17
25 41 33 10 36 29
17 11 39 12 3 7
2 18 49 26 34 39
6 23 16 38 45 3
23 42 31 32 22 19
45 12 29 25 4 44
18 24 44 31 13 28
18 14 34 23 39 27
1 17 25 26 41 42
20 10 45 31 19 9
9 4 21 29 34 7
12 42 10 16 40 23
21 22 31 28 17 42
44 46 15 8 22 47
32 15 20 13 37 49
48 23 22 34 40 30
30 15 19 39 37 8
13 36 42 43 34 7
3 13 1 6 19 46
31 14 22 39 45 37
49 41 44 45 34 37
17 10 15 7 22 47
33 17 8 6 49 29
3 43 7 31 21 5
15 2 28 31 35 33
3 41 27 15 11 26
25 32 29 28 24 1
31 11 33 6 2 3
6 11 26 9 10 22
3 5 15 22 24 37
42 49 18 23 5 30
9 43 24 17 49 19
16 7 26 4 29 23
14 43 26 31 28 13
13 33 14 36 8 11
23 13 41 14 43 38
1 31 39 34 14 49
7 8 24 33 44 45
16 26 20 38 4 32
6 11 7 48 23 16
27 34 21 5 36 18
8 44 26 20 10 3
40 45 18 27 44 15
42 10 34 33 8 11
27 19 38 36 33 28
32 9 14 46 12 27
8 41 19 47 38 29
36 27 4 6 40 37
10 11 38 5 35 39
2 4 30 35 36 45
16 1 44 47 23 39
43 9 26 15 13 38
41 11 16 36 38 3
10 4 29 46 49 44
4 31 49 19 48 23
5 22 20 6 45 18
34 26 12 7 24 33
3 2 23 6 39 35
4 42 9 44 17 45
13 28 2 45 42 20
42 49 33 27 41 34
42 22 12 34 29 33
38 43 28 2 1 8
26 21 49 7 27 2
49 13 28 47 1 19
27 37 10 20 15 6
31 14 46 6 39 28
40 23 14 42 48 10
44 1 30 48 49 7
30 46 32 12 11 33
17 1 21 47 39 24
25 36 8 37 40 1
39 6 34 30 7 33
19 40 26 45 30 43
30 34 31 41 48 28
12 38 6 8 33 42
42 10 35 17 27 46
13 20 38 33 45 27
48 38 3 14 31 35
22 36 1 15 24 3
7 17 16 47 9 5
14 10 22 39 17 31
42 23 43 47 2 13
38 25 5 40 39 3
38 46 36 48 6 34
45 48 21 22 25 37
1 20 39 24 25 4
30 2 38 28 12 9
4 24 8 33 5 43
41 48 32 2 30 19
14 42 32 5 1 48
4 29 30 33 36 39
7 43 1 9 46 12
20 28 40 43 23 16
21 13 25 34 48 17
49 20 11 30 18 4
31 41 37 5 25 3
47 46 25 5 44 31
30 5 28 25 40 41
43 27 34 22 35 6
30 9 31 24 28 49
34 10 7 19 41 32
12 25 6 27 18 35
14 42 41 4 8 6
48 22 30 47 5 13
45 19 48 43 18 34
45 31 10 41 40 49
5 45 17 12 29 7
20 29 19 13 25 44
7 34 45 23 29 1
3 24 1 10 49 17
49 45 48 33 26 11
22 14 29 35 30 43
17 47 21 45 2 31
25 19 40 49 42 10
31 35 45 40 1 22
45 26 40 27 12 9
24 35 33 39 47 6
28 15 31 5 26 37
44 18 5 35 23 10
38 48 37 22 12 25
16 31 12 17 34 43
44 24 9 39 3 35
13 11 47 41 32 18
2 18 4 8 5 40
48 15 20 46 23 47
17 44 25 3 10 46
32 21 30 9 27 46
25 39 6 4 21 35
16 30 26 10 17 3
21 10 3 28 12 32
3 40 19 24 4 9
5 9 17 47 43 38
1 10 14 9 3 38
46 48 12 3 9 36
9 4 19 15 30 33
36 17 37 11 23 7
22 48 37 19 2 41
18 10 21 36 17 9
6 7 14 15 30 48
18 5 40 6 4 21
11 17 19 20 26 30
1 45 14 26 10 49
12 5 6 29 34 1
26 43 28 39 35 27
38 7 22 13 35 23
33 49 5 38 37 40
36 4 23 13 49 17
6 27 17 39 35 20
13 14 12 18 27 44
10 19 39 31 27 14
1 4 5 16 19 26
31 26 17 3 21 19
12 13 20 41 11 5
42 36 13 21 44 35
40 41 36 49 7 11
38 8 30 24 36 19
34 26 30 24 9 18
3 22 10 42 41 9
40 41 25 49 39 16
7 46 30 33 28 2
47 7 28 34 29 35
17 49 6 47 36 2
25 46 20 40 22 35
34 12 5 21 40 32
18 47 49 45 24 15
40 4 49 38 1 30
2 23 16 17 27 38
33 16 28 12 36 40
30 4 19 26 47 46
47 40 29 5 7 46
27 14 13 17 16 25
18 5 31 11 30 2
34 21 35 24 9 19
31 11 9 26 47 4
26 24 23 35 1 30
3 40 36 9 15 43
35 3 36 41 10 2
5 25 43 14 49 6
47 30 23 36 11 19
20 37 9 47 44 14
32 25 11 37 28 44
48 9 26 23 40 25
36 14 22 28 46 38
29 16 8 17 28 43
10 47 26 41 35 22
37 48 17 31 19 27
33 7 2 6 20 24
20 46 49 41 5 24
15 8 24 1 29 12
23 42 1 9 38 47
22 43 11 38 7 49
1 2 40 17 22 18
10 16 23 45 22 9
34 35 10 25 44 26
35 45 8 9 16 20
24 33 23 7 1 42
10 24 33 4 12 7
45 19 42 12 22 43
15 25 27 47 38 16
46 2 37 14 47 45
4 43 19 10 25 33
1 42 49 30 25 31
47 14 18 10 39 24
48 27 4 5 40 42
47 11 16 29 38 35
41 12 40 17 1 29
18 7 25 26 41 16
24 5 20 40 21 17
33 48 5 44 41 40
49 18 26 27 8 28
18 12 11 14 32 31
29 24 18 9 30 13
25 23 10 45 6 49
19 25 43 47 1 6
29 2 32 33 15 39
34 29 28 7 6 43
47 23 33 49 22 43
21 41 40 37 49 2
44 20 18 27 1 26
35 38 37 14 30 25
18 49 46 2 47 22
38 43 9 29 25 6
30 21 7 39 3 24
34 18 22 8 48 31
48 5 6 27 41 18
13 4 37 7 21 49
16 9 25 43 6 20
24 1 19 18 36 26
26 42 28 36 22 15
11 30 39 40 32 29
14 47 6 28 43 32
5 49 8 37 43 18
40 14 46 7 1 3
2 34 35 21 48 7
18 45 21 33 48 32
5 4 9 7 49 48
29 33 16 6 40 4
39 3 6 24 20 2
7 16 27 33 35 44
47 8 5 16 43 26
39 27 25 24 9 35
16 7 37 23 25 1
20 39 45 34 38 37
41 45 42 36 26 9
22 6 1 19 46 10
27 41 16 33 31 36
46 44 39 10 15 19
7 11 17 42 21 18
22 44 6 36 30 26
14 23 28 9 36 21
42 24 36 45 32 4
35 2 4 47 39 23
36 45 39 8 7 14
41 17 45 28 37 6
30 45 5 3 10 6
2 14 5 42 39 35
11 26 24 20 41 1
27 44 22 21 36 2
39 5 25 28 26 4
22 47 41 9 48 13
16 43 20 19 15 5
16 12 1 22 30 10
48 45 34 13 19 6
9 42 35 33 7 3
4 30 14 32 25 15
2 36 8 40 38 17
38 28 3 10 45 13
47 39 41 36 18 27
8 35 36 7 31 49
49 33 46 7 18 19
26 15 43 17 5 24
27 5 41 43 46 42
8 45 19 7 25 28
33 45 16 47 36 24
5 8 48 15 35 22
47 30 40 39 27 10
7 27 38 29 37 31
48 26 32 29 40 34
43 7 10 18 6 35
23 28 29 21 6 7
12 20 42 13 32 11
47 11 21 22 15 27
23 29 43 9 39 37
45 19 29 42 28 11
29 1 45 43 28 14
33 28 42 5 39 7
2 40 28 12 14 6
5 17 26 22 1 41
31 1 29 27 28 26
6 10 16 31 12 17
20 38 45 9 3 39
40 11 4 19 3 1
32 43 31 17 42 41
21 1 12 36 31 40
30 13 2 19 47 5
21 6 31 1 27 47
5 7 8 14 23 33
12 3 48 40 37 49
23 12 27 46 18 32
7 5 39 35 26 45
17 19 45 43 8 33
48 6 9 44 33 3
41 30 35 13 3 49
13 48 2 27 37 9
10 43 11 47 45 38
25 24 10 41 23 27
34 8 6 42 48 7
39 46 40 4 31 2
41 12 4 45 11 26
20 16 4 49 36 17
34 27 6 15 8 33
40 35 30 18 31 33
39 14 8 13 19 44
22 19 27 31 40 26
14 11 47 2 34 22
3 6 36 13 30 12
32 11 40 28 16 5
34 19 15 31 41 44
10 41 32 43 17 38
14 3 4 24 18 40
35 12 40 17 21 8
44 43 26 31 5 18
24 3 44 27 19 13
3 34 23 8 32 29
13 7 28 38 23 5
33 44 43 4 11 37
25 6 12 41 46 31
49 8 27 9 22 29
25 29 34 43 45 48
40 33 13 1 37 30
3 33 46 32 47 1
24 18 26 33 29 32
43 38 47 4 12 13
25 49 43 5 3 47
34 33 4 10 45 6
43 30 2 16 10 1
22 25 35 20 23 13
26 40 49 47 30 28
9 31 3 11 44 8
16 27 24 32 10 3
1 29 15 21 12 34
28 32 6 48 21 20
40 47 38 4 8 17
38 46 24 1 37 3
22 29 49 20 44 46
24 6 38 18 29 1
28 49 5 11 21 13
5 9 14 28 38 49
20 27 30 40 46 48
23 25 32 35 37 46
4 17 27 28 34 39
14 17 20 23 26 28
1 2 16 21 31 41
16 22 30 32 48 49
15 17 18 27 33 38
9 12 14 20 26 48
5 22 29 30 33 49
20 28 34 35 40 49
5 17 19 21 23 28
9 13 14 33 42 45
10 12 24 44 45 49
5 15 16 37 41 48
39 22 6 47 31 4
36 24 35 7 17 40
9 4 14 31 6 27
30 24 31 37 43 2
20 14 40 11 5 39
29 44 11 5 30 26
24 15 9 1 43 30
41 33 24 20 35 43
47 9 41 18 16 48
31 8 4 49 28 48
26 37 29 27 28 5
5 39 8 31 37 25
10 39 32 5 27 18
38 22 4 33 36 19
36 10 41 25 46 14
16 47 44 41 31 27
13 27 48 10 32 8
32 18 4 22 43 21
9 43 25 11 47 20
27 24 35 49 25 38
44 26 6 1 8 19
4 35 37 32 41 15
31 24 33 32 4 1
47 33 7 35 28 31
40 16 34 15 8 46
30 49 16 19 25 11
18 38 5 14 32 9
44 17 40 35 7 39
43 25 46 20 22 17
34 11 26 47 3 27
35 13 48 3 23 34
11 18 25 22 19 42
17 19 48 20 40 35
15 8 16 4 26 18
43 18 4 5 16 9
33 7 25 19 49 42
19 23 8 48 5 35
34 31 15 2 7 6
48 24 42 38 45 44
12 45 38 17 4 14
9 27 18 6 3 48
12 2 1 31 34 11
17 25 35 38 45 7
21 12 2 15 1 3
17 37 39 40 45 8
18 31 7 36 37 6
15 41 2 49 17 42
44 18 24 28 15 30
10 29 23 5 33 15
5 47 28 21 4 25
46 9 42 36 2 7
2 8 10 45 46 39
1 29 45 46 20 14
16 28 14 9 13 47
10 39 27 11 5 48
19 17 34 23 47 26
13 24 41 37 12 10
5 2 21 48 38 23
38 6 31 49 20 22
44 2 37 34 38 41
11 32 3 34 36 43
38 24 26 12 21 29
20 31 8 39 46 40
33 3 28 46 14 15
19 35 29 10 28 33
22 10 44 37 35 1
15 45 25 38 28 40
9 20 13 38 11 7
13 12 25 9 29 33
41 32 5 14 48 23
26 30 22 17 23 45
45 26 17 31 8 24
25 14 46 9 6 5
10 31 4 46 3 16
42 5 4 8 35 34
27 32 34 40 14 13
39 5 11 17 48 20
9 3 1 19 47 42
1 21 19 16 14 17
14 22 43 46 16 18
15 32 16 44 37 25
45 36 47 28 17 44
37 33 9 16 23 20
47 7 33 46 42 13
7 33 6 37 19 34
39 12 46 45 14 17
20 26 43 4 49 36
18 45 14 10 40 30
10 11 39 17 14 19
8 22 49 31 23 35
23 24 43 19 34 40
4 18 30 12 6 24
35 10 31 42 33 41
8 32 33 38 48 25
8 12 35 11 23 47
38 43 36 47 44 20
47 30 35 33 24 27
13 18 47 37 9 6
44 27 19 2 40 14
17 41 6 49 35 39
42 5 49 3 37 29
48 38 32 9 12 43
32 37 27 2 30 31
24 19 17 44 6 18
14 36 45 42 41 11
35 42 24 17 13 27
25 34 17 14 49 6
22 41 12 19 48 11
30 36 24 37 44 48
13 3 22 6 17 38
39 9 33 11 23 32
34 24 6 40 8 9
26 46 9 6 3 30
11 9 10 7 43 47
23 32 21 39 44 18
32 44 16 34 43 12
49 22 24 40 31 26
44 24 14 7 3 13
26 19 47 8 6 34
38 24 32 27 43 1
21 23 33 29 44 43
30 17 34 5 7 44
49 7 34 25 31 30
43 30 16 34 15 41
31 37 5 1 14 13
42 28 21 43 34 1
25 40 37 21 9 11
17 6 16 35 7 12
31 34 37 19 7 42
30 33 26 39 11 1
38 46 21 27 18 4
29 10 12 40 6 28
4 7 3 25 38 36
8 11 14 36 48 37
49 20 37 24 25 39
23 27 39 8 30 20
25 45 12 24 28 23
29 17 16 37 18 19
38 44 29 34 27 41
39 40 41 21 43 35
13 22 36 37 34 44
3 27 25 19 34 16
41 15 34 26 22 9
20 4 7 5 29 44
22 31 11 18 26 1
26 9 10 31 34 13
41 14 38 45 4 9
18 27 26 44 7 5
26 40 34 16 12 4
39 8 10 41 40 26
42 19 41 11 12 18
3 34 24 36 11 31
14 21 26 27 28 39
2 43 1 21 36 30
48 47 17 25 4 40
19 45 6 39 13 16
9 12 13 49 7 14
29 44 30 25 6 5
41 21 32 42 11 46
8 7 49 10 18 27
41 13 14 37 30 42
36 23 5 16 39 37
23 41 29 36 17 43
11 38 6 28 34 46
41 28 16 25 47 44
7 48 18 3 36 11
14 5 22 42 1 7
7 31 22 5 1 19
21 8 4 25 41 33
43 38 9 44 34 15
23 13 27 34 26 46
16 29 14 43 46 40
43 35 46 38 4 36
38 32 39 34 47 49
11 26 42 22 1 8
42 8 6 21 10 1
43 42 4 46 15 48
11 49 39 42 6 7
3 43 34 4 47 13
18 36 29 27 9 33
41 38 13 9 18 16
24 17 7 46 5 23
37 16 33 8 13 20
43 4 8 38 37 44
1 8 5 48 36 27
18 47 15 17 10 48
35 40 44 9 13 4
7 44 39 25 2 27
32 33 30 37 43 31
38 40 43 44 5 4
11 7 33 22 44 25
47 28 4 20 30 49
4 45 32 37 17 25
23 22 38 47 49 7
25 2 40 38 11 22
1 48 29 33 8 9
5 6 1 11 17 45
45 31 7 10 41 21
6 45 25 34 33 18
47 3 27 31 18 36
29 13 46 39 42 7
11 1 42 12 47 26
38 21 32 31 46 34
2 46 20 16 8 42
42 19 22 26 28 25
37 11 30 13 25 3
39 37 24 47 43 4
43 24 49 27 29 12
13 46 21 35 25 34
44 11 8 48 46 2
40 28 2 22 49 23
18 47 25 49 48 12
43 46 1 19 24 44
27 19 40 39 31 44
40 47 15 30 19 1
29 1 33 20 4 35
3 46 25 5 48 18
33 10 40 37 2 41
25 22 36 48 7 37
26 42 40 20 30 7
14 46 44 34 43 25
2 4 40 38 30 1
42 22 2 15 27 3
2 14 16 20 26 15
3 22 17 4 7 10
26 7 42 5 24 3
38 18 11 36 23 26
27 18 37 22 23 4
48 32 40 4 27 26
3 8 40 11 42 37
42 34 35 7 23 37
38 25 2 15 10 9
47 37 33 7 41 49
42 41 25 6 9 30
49 11 17 20 33 43
23 20 8 28 27 41
17 23 21 46 28 1
33 28 12 36 32 48
30 10 24 4 25 23
38 33 27 19 26 12
26 23 18 4 44 43
28 12 40 2 6 4
38 33 9 1 25 44
27 35 6 25 1 38
34 22 16 28 6 35
30 15 32 41 28 2
48 3 11 36 35 25
26 7 44 12 29 6
23 35 47 11 31 10
14 34 24 28 22 2
17 20 41 10 22 40
10 35 29 47 17 6
32 34 41 9 30 48
18 27 6 23 2 22
13 39 6 37 32 12
33 21 25 38 44 37
12 11 34 45 31 44
18 6 23 31 38 22
45 1 27 39 12 8
39 40 22 11 37 42
43 2 17 34 37 31
16 12 14 27 43 6
27 24 47 13 17 20
42 18 6 40 35 29
27 1 25 8 2 5
17 4 25 32 36 22
34 17 41 6 20 15
6 15 2 31 48 49
42 8 26 34 9 47
8 35 13 23 39 34
26 16 48 47 35 27
13 42 2 22 8 43
40 46 15 31 44 13
15 11 34 1 10 9
2 35 16 19 33 23
46 1 7 29 28 31
17 36 4 30 16 26
41 42 49 36 44 29
2 12 44 14 24 31
3 14 7 35 33 38
13 26 9 31 42 20
48 18 2 27 25 7
19 17 48 1 29 6
9 21 2 24 42 11
33 4 28 24 12 36
37 38 3 9 33 36
21 12 22 24 31 4
10 2 15 44 14 28
24 19 41 25 14 31
45 36 30 49 11 9
45 11 26 22 28 49
44 49 5 25 41 33
26 45 38 22 32 39
15 21 25 38 10 48
44 6 32 17 1 29
41 9 34 43 46 42
33 16 49 23 30 38
29 21 48 4 47 23
10 22 26 4 5 25
16 12 49 13 33 21
2 34 25 26 48 31
41 39 42 44 34 32
10 40 26 31 5 1
28 12 15 3 37 35
30 33 19 16 24 14
40 38 43 13 2 12
46 7 9 6 38 18
49 48 1 28 3 47
20 12 49 11 43 45
46 28 31 37 4 6
28 15 3 24 27 4
17 42 12 8 37 26
46 13 21 34 19 36
17 47 2 27 5 7
27 13 24 11 41 48
28 11 20 33 18 13
38 7 35 26 6 24
24 27 31 11 48 40
15 37 17 23 26 5
40 4 26 15 11 33
30 29 33 8 9 43
46 4 45 32 42 43
41 24 46 15 49 33
40 25 48 3 8 36
48 4 10 37 43 14
47 17 28 42 3 34
12 42 32 38 47 9
8 1 23 37 47 6
45 26 3 7 47 8
2 46 3 37 24 26
39 49 24 26 27 41
12 5 15 46 1 9
2 38 9 3 32 28
37 46 22 48 43 17
6 37 9 48 31 8
8 30 43 44 22 26
35 29 13 49 11 5
31 16 41 1 22 45
33 41 34 39 16 10
21 32 24 30 10 33
45 14 38 3 33 15
26 24 29 14 5 35
39 47 37 38 2 26
14 40 39 3 5 48
10 18 22 35 33 9
26 38 3 32 1 48
27 16 2 41 25 35
38 15 26 44 47 30
10 11 35 1 7 2
29 19 20 49 4 16
28 13 14 22 7 41
35 18 26 39 9 45
22 20 29 6 40 46
17 42 12 21 36 25
18 43 25 4 10 20
6 8 36 7 45 13
47 29 6 44 8 31
16 47 41 40 29 39
27 29 20 43 10 30
20 21 9 35 2 29
22 32 25 23 36 35
16 10 44 46 26 18
14 9 40 44 4 38
46 1 43 27 4 28
8 21 38 29 14 46
42 20 24 36 27 37
1 31 32 20 25 39
28 34 12 19 42 18
46 26 48 16 25 4
38 26 39 16 19 32
33 30 17 35 47 2
47 1 23 3 48 45
26 18 47 21 32 16
10 6 26 22 40 18
15 8 39 16 47 44
33 13 5 32 28 27
27 9 39 35 26 7
45 3 1 23 16 8
40 2 14 44 9 38
38 36 7 24 29 1
20 10 9 11 44 24
9 28 3 31 38 24
27 25 19 44 48 45
43 23 41 40 20 42
11 8 15 17 2 35
43 42 24 2 1 31
20 11 42 21 26 30
16 44 18 24 29 36
22 5 1 20 30 11
21 27 33 48 23 28
29 43 6 13 42 28
31 47 11 14 22 12
26 24 44 48 16 23
40 32 49 46 28 24
15 43 6 31 3 4
15 39 23 22 45 47
25 35 44 37 1 33
13 37 2 1 34 8
12 32 1 46 16 33
21 39 27 25 9 40
43 5 39 47 37 13
27 44 4 25 46 9
9 29 35 40 16 26
14 10 4 49 25 45
8 23 2 6 26 42
31 49 19 36 40 32
28 26 1 23 35 46
16 49 45 9 14 31
5 25 37 43 29 6
1 6 44 48 13 45
13 44 9 43 45 3
9 38 16 34 4 40
6 15 25 26 41 14
45 30 47 33 32 44
14 39 30 7 36 38
39 5 34 16 7 43
1 5 4 7 34 44
21 15 33 32 16 25
38 45 18 11 40 14
28 4 47 25 5 17
11 13 1 7 25 15
1 31 18 29 3 46
25 19 35 17 13 33
5 41 22 44 16 45
49 19 10 15 38 44
9 38 43 27 49 48
48 11 25 1 42 17
49 3 13 2 46 31
6 28 44 2 27 38
39 20 43 33 36 38
10 1 38 28 8 9
8 37 10 18 7 40
29 2 8 4 5 42
16 11 43 8 40 47
24 29 6 25 32 26
42 7 44 26 12 49
45 28 22 13 30 10
14 21 15 34 28 19
29 13 22 5 14 32
47 15 24 36 6 8
41 6 21 1 14 22
27 11 5 3 36 32
23 11 37 44 19 6
23 26 13 36 45 24
17 9 15 40 10 20
8 30 41 26 24 14
31 43 34 9 22 42
4 24 33 11 20 48
30 35 31 42 40 7
19 10 25 38 24 4
26 27 43 23 12 31
12 13 36 26 4 24
8 13 28 14 15 7
45 21 34 41 19 30
3 46 4 38 21 36
16 46 10 38 4 31
40 30 15 28 10 25
4 5 34 38 48 7
3 43 47 40 33 48
38 22 33 35 31 32
5 34 10 31 26 21
13 29 25 24 44 20
37 20 4 6 29 31
21 1 30 36 45 48
17 10 47 22 18 9
47 2 1 12 40 30
6 49 G W  
6 49 G W  
5 18 23 32 34 35
4 13 19 25 32 49
5 18 23 24 30 33
5 24 37 39 43 47
0 16 19 22 24 37
2 06 17 20 25 38
7 10 23 24 38 40
3 05 17 33 40 41
6 07 19 22 46 47
7 12 22 25 28 31
8 27 33 34 36 44
4 19 28 43 44 46
3 19 23 25 36 38
1 16 28 31 38 41
2 05 24 37 43 48
1 07 09 21 34 48
2 06 10 21 32 42
1 07 08 09 24 41
1 03 22 28 33 38
6 07 12 21 24 48
4 19 23 27 30 47
6 19 33 37 44 45
2 19 34 40 42 43
5 07 12 25 34 49
3 21 23 27 34 42
1 03 17 26 38 40
1 10 14 23 45 49
9 16 20 22 41 47
4 28 36 40 41 42
3 05 22 27 34 35
5 18 21 36 43 46
2 03 12 22 39 45
3 04 07 12 30 42
8 19 22 23 40 44
6 15 22 32 39 46
6 17 19 20 29 44
6 23 33 41 44 47
5 25 35 38 48 49
0 19 27 35 42 45
2 05 12 23 41 47
2 18 26 28 39 47
2 18 22 25 29 42
6 08 18 25 27 38
6 10 16 18 45 46
1 24 28 35 44 45
3 12 17 27 34 36
3 16 24 45 48 49
1 14 19 34 35 36
1 08 21 24 30 36
4 16 31 37 39 48
7 19 24 30 34 35
7 11 22 31 33 43
7 19 24 29 31 39
1 14 21 28 43 47
5 06 08 29 31 38
1 04 06 21 23 47
4 09 20 23 24 41
7 10 23 24 36 47
2 03 10 18 43 45
9 22 33 40 42 49
3 13 26 28 37 48
9 11 26 39 43 45
9 20 21 27 33 42
0 13 15 20 43 47
6 13 18 35 43 44
3 16 21 29 33 44
5 06 32 39 41 42
5 17 32 35 37 41
7 28 31 34 35 49
2 04 24 39 47 48
5 19 30 33 35 36
3 11 22 36 43 44
9 25 31 32 33 43
3 20 21 34 37 43
3 05 15 30 38 44
4 08 14 16 21 27
3 08 19 23 39 42
6 15 23 24 25 32
4 07 23 31 35 42
3 16 20 30 37 45
1 14 16 18 48 49
3 10 18 23 28 35
4 08 09 23 27 34
2 30 31 34 35 49
2 16 19 21 23 28
3 04 23 25 40 45
2 13 24 25 41 42
2 05 26 37 38 44
7 08 22 24 33 34
5 19 21 31 43 48
2 13 18 28 34 36
6 27 36 42 44 47
1 11 12 13 42 43
2 24 32 34 45 48
2 16 25 32 36 41
4 18 33 35 39 41
9 15 26 32 33 34
8 16 19 24 25 44
1 28 40 42 46 49
3 13 19 25 30 45
1 02 21 31 34 40
3 16 17 23 39 47
6 11 12 31 45 48
3 18 30 40 43 44
9 12 13 24 26 48
0 17 42 43 46 49
1 19 28 34 37 41
4 18 25 29 34 36
6 14 18 19 24 38
5 08 13 19 35 45
6 07 36 39 42 46
9 11 28 30 32 48
2 14 22 23 30 31
2 03 04 05 06 26
5 06 21 39 43 45
1 26 28 36 37 46
2 11 20 29 35 46
1 11 18 19 29 38
6 22 30 32 33 38
1 08 18 29 32 38
7 12 16 42 43 44
3 21 23 27 30 38
2 15 25 29 30 44
3 24 28 30 41 49
1 13 25 35 40 45
1 11 19 20 24 34
1 04 14 16 31 32
1 23 32 35 44 47
3 18 27 38 44 49
1 24 28 37 38 48
7 11 23 25 38 41
2 15 20 22 26 32
9 21 29 44 46 49
6 31 34 41 47 49
1 09 13 23 46 48
1 08 13 14 16 22
1 06 09 13 20 29
3 29 35 38 43 49
2 07 11 37 38 41
3 17 26 34 38 39
3 29 37 38 45 48
1 07 17 19 23 45
5 11 17 20 33 36
4 05 18 20 22 41
1 08 12 41 44 47
2 36 39 42 45 47
0 15 25 27 32 46
5 06 14 26 31 33
1 14 18 37 40 41
8 26 30 32 40 46
8 15 16 30 31 34
3 05 08 22 44 49
4 06 11 17 20 48
8 14 24 29 41 45
3 13 18 26 27 44
4 12 19 27 41 45
8 24 33 42 44 46
6 08 32 35 43 46
9 20 24 29 43 45
4 12 16 19 39 49
4 13 16 26 41 48
7 14 19 29 32 33
6 29 35 38 42 44
6 09 12 31 36 49
7 10 17 25 28 41
4 25 31 37 38 45
4 09 11 14 15 42
9 22 31 35 43 48
4 10 15 17 46 49
1 17 18 32 39 41
0 17 28 33 34 38
4 08 14 26 28 48
4 16 26 27 28 47
2 11 21 31 36 41
2 14 15 23 34 40
9 15 28 33 39 45
7 25 27 32 33 41
7 21 23 28 30 36
8 11 18 21 30 36
1 04 19 23 31 32
4 21 25 26 34 36
5 13 22 26 33 45
2 05 06 24 26 44
2 17 24 28 35 43
1 07 13 22 32 37
1 07 19 26 31 38
7 20 24 34 37 38
6 22 25 30 34 42
1 05 28 32 35 36
9 28 37 44 48 49
3 15 21 23 29 30
4 27 29 31 39 41
3 10 18 40 41 44
1 11 22 27 34 37
8 23 29 32 40 44
4 16 25 36 41 47
4 05 31 36 39 42
1 05 07 12 13 36
5 10 31 34 35 49
9 21 24 27 36 41
9 20 26 27 32 48
8 21 22 35 38 46
6 10 12 14 36 43
9 28 29 38 46 49
1 12 18 29 34 36
1 13 17 25 39 40
8 15 32 41 45 48
9 12 19 21 39 49
7 11 20 24 40 41
3 07 11 26 42 43
8 18 21 25 28 45
2 04 17 23 35 46
5 24 36 38 40 47
7 16 18 23 26 42
8 11 15 24 28 40
6 19 20 30 46 48
7 09 16 22 29 47
6 09 12 28 35 46
7 11 15 22 37 39
1 25 28 32 47 49
3 19 23 24 28 49
3 20 21 38 39 43
0 28 30 39 40 44
1 07 23 30 37 47
9 13 14 34 38 49
6 12 19 40 48 49
0 25 38 40 41 43
2 19 30 31 37 42
8 09 17 21 25 48
9 15 20 34 35 46
2 10 14 38 41 49
7 11 24 33 35 47
8 22 34 35 40 47
4 16 23 25 30 36
4 09 11 21 25 47
3 04 06 23 26 48
1 06 11 12 16 20
7 08 13 19 31 34
2 24 25 35 41 48
9 27 29 31 38 44
1 04 13 18 19 26
4 20 37 38 40 48
6 08 14 20 27 34
5 24 32 36 40 46
8 15 17 18 27 28
5 15 21 32 34 35
5 11 24 32 36 49
8 24 28 41 46 48
4 09 15 22 38 45
4 15 16 27 34 49
4 10 26 28 33 38
1 13 22 27 33 48
1 20 37 38 43 47
6 13 29 30 47 49
5 15 22 36 37 43
8 10 14 15 31 35
3 22 25 37 45 48
1 03 14 21 22 47
4 15 28 30 40 48
9 18 33 36 39 48
8 32 34 38 40 48
2 07 16 26 33 46
1 26 34 37 44 49
8 33 38 44 47 49
4 15 18 29 38 44
5 08 21 24 35 38
3 11 24 45 46 49
2 08 30 38 45 48
6 07 13 20 21 47
8 23 31 33 35 39
5 10 16 26 31 48
2 15 20 30 44 47
3 17 39 41 42 48
1 02 07 36 37 41
3 06 09 23 29 38
2 08 10 11 22 35
2 15 23 24 26 39
2 08 10 13 23 29
5 09 16 38 40 41
7 14 24 34 40 45
7 09 18 33 42 46
1 12 22 31 39 45
1 31 37 39 47 48
3 11 19 23 42 47
2 18 23 25 40 44
6 09 27 39 40 49
1 14 30 32 44 46
4 33 36 44 45 49
3 19 28 30 35 47
7 22 35 39 40 45
2 13 29 37 47 49
9 19 34 43 46 49
4 11 17 26 29 34
0 11 17 32 36 49
8 32 34 41 46 47
4 18 21 22 25 42
2 36 40 42 44 48
9 14 29 33 39 40
8 17 30 33 46 47
5 06 17 23 27 47
0 25 29 30 43 48
4 11 14 21 31 40
4 22 25 35 44 48
5 16 19 29 39 42
9 22 34 36 40 42
5 30 31 32 41 48
3 05 16 20 30 41
9 13 29 35 37 40
2 19 29 36 43 49
6 16 31 32 40 42
1 06 13 18 36 37
2 15 16 20 29 45
5 18 24 30 33 46
2 13 26 33 44 49
4 12 17 41 42 47
4 21 22 24 26 36
4 09 21 23 25 48
4 19 34 35 39 42
1 17 19 37 42 44
2 04 25 27 31 43
3 09 22 23 40 41
1 02 05 07 08 25
9 17 23 26 39 49
1 13 15 34 40 49
2 05 22 34 43 49
3 11 13 19 26 44
1 11 14 16 36 48
8 12 28 29 32 42
5 10 13 16 18 39
0 33 36 39 47 48
1 03 18 23 35 37
2 11 14 24 30 48
7 10 11 12 35 43
1 10 17 29 34 36
2 12 23 26 44 47
1 15 26 27 28 32
4 14 18 38 39 49
4 22 25 32 37 44
4 09 18 28 33 49
4 21 40 41 43 46
2 07 16 28 30 35
6 21 31 46 47 48
4 11 17 18 25 29
1 06 16 26 46 47
2 10 25 29 30 42
2 15 25 31 33 35
5 10 12 14 25 42
5 06 29 30 32 45
8 12 16 27 30 37
8 30 36 39 43 46
9 13 23 27 38 40
4 07 11 13 29 37
2 26 28 30 36 43
1 15 16 34 40 43
1 04 09 16 21 42
2 11 21 28 34 43
6 12 16 36 37 48
2 05 17 26 38 48
8 13 15 22 28 43
0 16 35 36 37 44
0 18 21 25 30 46
4 21 23 29 40 47
6 07 15 24 44 47
7 26 27 33 36 49
6 12 15 27 32 37
8 13 18 29 35 49
6 08 19 36 38 41
6 15 21 23 30 41
6 11 24 27 31 45
4 11 16 29 46 47
7 19 30 36 37 42
4 39 40 43 45 48
1 08 14 36 40 47
0 11 13 31 41 44
0 12 16 30 39 42
0 24 29 31 36 41
1 11 17 25 42 43
3 08 21 26 33 42
6 17 23 27 28 38
3 20 25 30 45 48
4 06 15 25 35 49
6 07 14 19 43 47
1 15 16 27 40 42
8 10 11 18 23 45
1 20 27 45 48 49
1 05 11 25 29 31
6 15 29 30 38 47
0 11 25 29 35 37
1 10 16 17 20 25
3 14 23 26 36 46
6 28 30 33 36 42
3 06 18 19 34 39
4 13 27 29 30 47
1 14 18 35 39 41
5 10 11 35 37 49
2 15 18 27 29 43
0 23 26 33 35 42
1 03 09 31 38 45
9 16 17 29 37 44
1 10 33 42 46 48
7 08 16 27 28 43
4 09 14 41 45 47
2 16 35 39 41 46
1 10 32 35 37 49
2 10 15 26 32 37
8 27 35 40 43 48
1 11 15 33 39 44
6 08 14 23 26 46
6 32 37 43 46 48
2 04 06 27 34 45
3 04 29 35 38 49
1 03 07 35 44 48
6 18 28 31 38 44
1 08 11 19 47 49
8 27 30 31 39 46
2 07 08 31 39 46
3 13 14 15 21 31
4 14 30 31 33 37
6 19 27 31 41 43
9 14 24 27 33 36
5 06 24 33 37 43
5 06 13 17 33 48
2 24 25 26 41 46
3 16 25 37 38 46
6 10 13 34 40 47
7 13 18 22 26 36
2 20 25 35 37 41
2 04 17 28 34 46
6 27 33 38 40 46
6 09 16 27 31 39
2 18 19 27 28 30
8 23 26 28 44 49
4 07 15 16 48 49
9 20 25 31 39 46
6 08 11 15 31 32
3 19 21 22 34 43
6 16 30 37 41 49
2 07 08 27 31 41
5 13 34 36 39 46
3 16 28 40 46 47
3 09 31 43 46 49
1 23 25 32 38 43
9 22 28 29 33 35
5 07 13 20 22 44
2 03 08 20 25 31
1 15 16 17 20 31
2 08 15 27 30 39
6 20 22 29 39 40
1 05 08 18 27 36
6 27 30 34 38 47
8 19 37 39 45 49
6 08 27 30 45 48
5 10 15 26 33 49
8 21 24 30 34 47
6 13 15 24 40 46
0 22 24 26 31 39
9 27 34 42 46 49
4 28 29 34 41 45
1 07 11 14 29 36
9 16 25 33 35 40
2 04 07 14 26 38
0 19 28 36 44 47
0 12 17 26 32 45
1 20 26 37 41 48
3 28 29 33 35 40
2 18 22 38 39 47
1 21 29 45 48 49
6 10 31 44 46 48
2 17 25 30 37 43
5 08 13 14 21 25
4 18 32 44 46 49
2 24 29 37 38 45
3 16 21 35 38 49
0 11 13 32 39 49
6 10 30 32 43 46
7 27 30 33 38 42
6 22 33 35 41 44
8 18 19 27 37 42
4 15 22 24 41 47
2 08 10 14 27 42
7 22 39 40 42 48
3 07 18 31 38 40
4 05 24 30 32 39
5 17 23 25 27 36
2 13 25 30 31 46
0 23 36 38 39 44
1 06 07 29 37 46
8 16 36 43 44 47
2 20 21 23 26 36
1 25 29 34 35 44
0 13 24 26 28 46
4 07 16 18 28 48
9 22 23 33 38 44
1 14 16 35 38 42
9 10 20 32 36 47
1 05 12 14 26 27
4 12 30 42 43 44
3 20 21 24 35 42
3 32 34 37 40 48
9 11 12 20 41 43
6 10 22 24 25 32
5 16 19 38 40 47
6 10 14 27 43 44
4 17 23 24 35 37
3 04 10 11 16 24
8 09 29 31 47 49
1 03 07 24 34 43
0 17 26 27 32 39
7 17 18 26 31 32
2 07 16 24 43 48
8 26 39 42 44 45
5 18 25 35 44 46
5 08 15 40 44 49
5 17 23 27 35 39
2 11 14 26 42 47
3 07 14 16 43 45
0 18 19 24 34 42
4 08 21 22 35 46
8 14 16 29 30 45
5 12 33 34 43 49
7 17 24 26 31 48
8 29 30 34 35 39
1 13 20 37 46 48
0 28 36 37 41 44
1 18 29 34 46 49
7 23 28 33 40 41
5 23 25 27 28 44
3 05 17 37 47 49
4 22 23 27 30 43
1 04 11 19 27 45
2 17 19 23 38 47
2 04 05 06 17 48
4 23 24 26 31 33
2 23 37 39 43 45
7 09 22 29 31 37
5 09 13 28 35 39
2 06 13 26 32 34
2 11 12 16 22 38
1 13 23 34 42 44
3 18 33 45 47 48
1 18 19 20 27 48
1 17 18 23 26 39
0 28 33 37 40 41
3 16 20 24 30 38
0 13 39 41 44 46
9 11 15 18 33 46
4 11 20 27 37 41
5 09 22 31 47 48
1 02 03 11 26 47
1 05 31 42 43 48
7 29 32 38 43 47
1 12 17 23 34 41
7 12 41 44 47 49
0 11 15 16 19 40
5 30 32 33 36 37
5 11 22 30 32 40
2 23 26 30 34 41
8 12 16 20 28 41
9 14 24 25 32 33
4 12 23 25 27 49
8 23 27 29 43 47
1 02 15 16 25 47
5 18 20 32 37 43
6 18 21 27 28 36
8 19 34 37 42 47
1 15 18 38 42 47
6 17 29 35 44 48
4 09 21 22 41 47
3 24 30 39 42 43
4 06 18 39 41 49
4 19 26 29 33 42
3 14 23 25 35 42
6 10 11 21 42 48
8 19 31 35 44 46
0 17 19 22 23 37
2 25 27 28 38 42
4 09 25 32 41 46
7 22 25 28 30 31
3 11 13 28 32 36
3 16 25 26 30 47
6 11 15 20 37 47
7 09 10 11 18 23
7 11 12 36 41 43
1 28 30 39 42 49
9 24 30 41 43 44
2 04 11 28 37 42
1 13 16 19 24 41
2 08 12 20 35 45
6 07 18 32 33 42
3 16 19 21 41 43
7 24 25 31 35 46
3 15 20 34 44 48
4 14 18 37 40 45
2 15 17 25 35 36
3 06 13 22 33 36
3 04 13 16 28 36
3 14 18 19 24 38
5 11 15 19 32 48
3 10 13 14 19 49
3 09 20 34 35 38
4 25 27 38 39 40
2 07 10 28 31 42
4 23 29 31 37 43
3 05 23 24 45 46
0 21 23 28 31 39
1 04 20 30 43 47
4 12 18 19 42 44
3 12 14 15 18 28
6 34 36 41 47 48
7 31 33 34 35 47
1 02 07 14 20 47
5 13 20 25 38 40
3 14 15 16 17 30
9 16 19 29 31 44
3 10 21 33 36 49
7 10 17 35 41 49
1 07 34 36 39 43
8 09 17 25 42 43
8 20 32 40 43 46
7 18 22 26 46 49
3 07 20 26 29 42
5 37 38 39 43 44
5 23 30 41 44 47
3 06 14 19 22 32
9 24 25 30 35 41
0 25 30 39 45 47
8 21 24 32 43 49
2 06 09 13 31 49
8 22 36 37 43 48
6 07 20 35 44 47
0 23 27 42 45 49
3 07 27 35 40 45
3 21 28 33 39 47
0 17 27 30 33 45
7 10 27 35 41 49
2 09 12 15 38 39
1 10 13 32 33 48
2 07 08 10 12 42
2 16 25 26 37 39
7 29 35 40 42 48
2 04 21 34 39 43
2 39 42 44 48 49
2 28 29 33 43 48
2 04 10 16 21 39
1 13 23 25 32 43
1 02 06 17 31 39
3 16 29 37 44 47
5 21 24 33 38 39
3 19 21 25 28 38
1 14 20 22 28 44
8 23 29 33 37 44
0 15 19 31 33 37
6 12 21 23 33 47
2 11 13 20 36 40
8 16 21 28 31 47
2 16 34 35 37 43
0 15 32 36 37 39
6 09 18 34 35 42
5 15 21 22 37 45
3 05 21 31 42 47
1 02 07 13 22 24
6 10 36 37 41 49
3 09 10 18 37 39
4 18 20 31 41 43
1 04 06 12 32 39
6 11 14 15 25 46
1 22 26 27 33 45
9 16 26 27 34 43
0 24 27 28 38 40
4 16 26 27 32 42
7 14 17 21 43 49
9 21 29 37 40 43
9 20 24 25 26 29
5 21 29 37 48 49
7 16 23 37 41 42
1 03 04 15 22 33
8 09 10 20 25 44
6 11 25 32 37 42
5 16 17 20 23 38
5 08 27 32 37 43
3 17 20 27 33 48
0 21 23 33 38 42
5 21 24 33 37 45
4 23 32 36 42 49
7 23 30 31 37 49
1 08 22 26 42 48
3 20 26 44 48 49
5 08 12 19 36 40
7 23 30 34 36 42
5 09 17 23 36 47
3 14 17 38 48 49
6 13 31 33 39 40
1 12 39 41 43 45
6 08 15 17 39 47
1 04 05 09 23 24
2 13 16 26 32 47
3 33 37 41 44 48
7 09 10 37 39 44
3 05 25 34 44 46
2 31 35 43 44 45
1 04 20 21 25 46
9 10 21 22 24 44
2 04 13 20 21 35
0 14 17 26 28 37
2 23 28 29 44 47
2 05 12 25 34 47
1 22 23 39 41 43
3 07 28 30 33 37
2 06 14 26 45 46
5 25 27 30 42 48
1 14 25 40 42 48
4 15 31 39 45 49
7 09 18 36 40 46
3 18 20 21 30 40
0 14 17 22 34 37
8 09 10 21 27 35
0 11 26 29 32 45
8 12 14 20 48 49
1 08 12 32 41 43
1 13 18 25 28 30
1 22 24 36 40 45
3 09 14 22 26 41
6 12 16 20 39 41
3 17 18 26 29 46
4 08 10 17 27 33
1 16 28 30 34 48
8 11 29 40 44 47
2 06 12 26 37 47
2 18 27 31 38 39
1 08 11 18 33 47
2 07 08 26 36 38
4 13 21 25 26 31
3 04 18 33 38 43
8 15 24 38 43 45
0 22 25 26 33 37
2 31 41 43 44 47
9 14 23 27 34 41
0 23 26 33 38 45
3 15 23 42 43 49
0 26 27 35 37 44
3 15 24 32 36 49
0 21 22 25 35 39
8 24 29 34 35 43
4 11 20 32 33 48
0 11 26 32 35 36
2 20 27 42 48 49
5 10 13 28 32 43
2 03 17 18 28 47
3 04 05 29 34 37
7 08 13 32 33 43
2 05 13 23 26 31
9 26 30 34 43 46
4 18 21 25 26 31
5 19 20 25 33 49
3 08 19 31 34 47
7 36 37 41 47 49
7 08 10 25 38 47
2 19 21 25 36 47
3 06 26 34 37 47
1 03 15 32 41 46
8 20 26 29 35 45
1 09 12 24 31 38
4 16 29 42 43 49
0 11 25 28 37 48
1 13 35 38 41 42
8 24 30 35 37 42
5 06 14 23 36 39
2 04 06 08 31 44
5 20 25 38 41 47
1 04 22 25 37 41
7 33 37 39 45 49
2 08 19 26 35 39
2 05 31 36 41 45
2 18 21 27 41 44
9 12 19 32 43 46
5 12 18 40 41 49
8 23 28 40 42 45
2 24 30 42 43 45
6 07 10 11 12 44
2 12 19 41 47 48
7 12 16 25 26 27
0 24 36 37 42 43
7 15 26 32 37 41
9 17 27 37 39 49
4 10 12 25 29 45
1 06 13 16 30 43
7 24 28 29 44 46
1 05 16 18 33 40
9 24 35 36 37 38
1 07 10 23 24 39
5 10 20 32 33 41
2 03 05 08 13 43
6 21 28 35 40 49
5 21 34 37 38 46
3 23 27 32 36 48
6 09 10 11 15 37
1 16 21 31 46 48
3 10 13 14 23 28
6 10 15 17 23 37
1 02 09 39 41 43
3 04 06 18 46 47
6 09 11 25 46 47
3 09 18 27 30 45
9 29 31 36 41 48
2 23 31 37 43 44
9 22 24 27 45 46
6 09 22 24 30 33
2 14 15 23 26 45
8 13 36 39 40 41
7 13 15 23 29 33
0 12 15 23 26 28
8 23 35 42 43 46
9 22 27 31 45 46
1 19 28 43 44 45
6 18 34 38 42 43
5 07 18 22 38 41
7 10 12 24 44 46
5 12 22 30 41 43
3 12 35 36 44 48
8 10 11 26 32 41
8 22 25 27 29 33
1 08 09 28 32 38
0 13 28 31 32 39
4 12 16 18 30 47
6 07 16 23 44 47
2 15 19 21 29 44
4 05 12 16 26 34
4 15 27 37 41 48
4 16 21 33 34 38
5 18 25 31 33 43
3 18 34 37 42 45
1 10 21 22 39 40
1 11 30 33 34 44
5 16 17 24 30 42
3 08 12 13 18 33
9 11 16 17 30 46
5 08 09 10 24 38
5 12 20 28 30 31
5 06 22 31 41 45
4 27 33 36 40 41
1 03 34 37 41 47
3 11 12 21 28 48
3 16 17 26 40 43
3 17 18 23 35 42
0 17 20 26 36 42
7 20 27 39 42 44
9 19 26 32 37 42
2 04 09 14 23 37
8 20 35 40 42 49
6 25 35 37 41 43
0 30 34 35 37 38
5 07 20 40 45 48
7 23 30 38 41 45
4 05 06 07 13 39
2 15 22 24 28 35
3 16 17 27 38 47
1 10 19 21 26 43
7 18 25 27 28 36
7 12 14 30 39 47
4 06 34 37 39 45
3 08 22 25 35 49
2 03 11 19 41 48
2 23 26 28 39 44
1 02 10 29 30 35
9 31 36 42 43 48
2 08 12 17 39 40
3 20 26 42 44 45
3 04 06 29 41 47
3 07 23 27 44 49
4 09 16 29 39 49
6 20 22 30 31 40
5 11 14 35 37 38
5 25 27 32 46 48
8 10 21 35 39 48
8 24 28 34 36 42
2 16 19 38 46 49
7 15 25 29 31 39
9 10 14 31 34 48
6 17 26 39 44 47
5 10 18 22 42 45
0 13 18 23 25 38
4 08 11 17 38 39
2 11 17 18 25 43
1 08 15 30 38 47
6 08 16 20 33 47
1 03 17 23 25 30
6 19 31 32 40 44
2 14 17 29 36 44
3 18 29 36 41 45
1 03 24 27 36 42
1 16 17 35 41 44
9 15 17 18 28 38
8 30 31 32 40 43
1 06 17 21 24 46
5 24 26 28 35 39
5 16 23 24 26 37
3 09 25 37 39 47
1 02 15 24 30 33
2 07 24 35 44 49
9 21 32 37 48 49
6 09 12 38 39 44
1 03 24 25 31 39
4 25 27 33 40 44
0 14 19 23 37 38
1 16 22 25 35 46
1 14 24 32 36 42
4 07 14 19 47 49
1 19 25 26 32 35
7 19 29 37 42 46
9 30 32 33 34 46
1 24 26 35 38 49
4 07 11 32 46 49
6 18 36 38 40 44
8 09 10 19 30 46
7 09 31 39 44 48
9 18 20 28 30 44
1 14 16 25 36 39
2 12 15 24 31 39
4 15 16 17 28 29
7 20 22 30 32 49
2 16 17 34 39 40
7 09 21 40 42 45
2 13 14 21 23 44
5 10 18 21 29 34
6 23 31 33 34 37
6 21 23 46 48 49
0 20 28 37 46 48
9 17 18 23 34 43
2 07 14 27 32 39
3 13 17 30 37 44
3 11 14 27 29 36
2 08 12 23 34 41
3 22 32 39 41 43
3 26 27 31 42 49
8 18 19 31 37 46
0 13 19 32 35 43
3 24 31 37 42 48
8 11 15 22 32 37
5 15 38 41 42 49
5 08 12 21 24 37
2 23 24 42 43 44
8 22 29 32 34 44
3 15 17 27 29 46
4 12 23 31 32 41
2 18 30 36 39 47
4 05 07 18 19 28
4 19 31 33 38 41
9 27 30 33 36 48
0 18 34 36 39 46
4 05 31 36 38 41
9 24 26 29 39 49
7 18 25 41 42 43
0 14 15 19 40 44
2 05 06 08 22 24
0 11 12 16 41 49
5 23 25 31 44 47
4 10 21 31 35 37
4 22 32 35 41 43
6 16 24 34 37 43
1 03 21 26 38 46
8 09 21 31 36 42
6 13 33 36 39 40
9 29 39 42 48 49
5 25 26 27 39 42
6 08 13 30 34 36
1 12 18 20 27 28
2 14 24 30 33 34
7 10 16 24 34 48
2 25 31 36 45 47
9 23 29 30 43 44
9 34 38 40 48 49
6 12 14 20 34 46
9 17 20 21 26 41
8 14 21 25 36 39
5 27 34 35 37 49
5 26 33 37 38 45
4 17 18 29 32 44
6 25 27 30 34 39
6 07 11 17 36 41
6 33 36 37 42 43
2 24 32 36 40 42
1 15 24 25 38 44
1 07 09 17 40 46
5 14 22 23 37 47
3 25 27 38 46 49
1 12 14 23 44 48
1 08 26 27 29 44
9 12 22 37 41 47
3 04 05 24 25 46
2 14 19 25 26 39
5 14 24 33 47 48
1 09 11 15 33 38
5 14 20 26 30 41
6 30 41 42 43 49
8 11 31 32 34 39
6 08 09 29 31 44
6 09 13 20 34 48
5 10 12 18 25 44
5 17 20 35 38 44
3 25 27 29 36 49
7 22 26 27 36 41
3 17 20 25 41 46
6 11 13 33 34 42
1 22 30 31 36 40
2 03 06 21 22 44
5 21 27 30 33 38
2 06 30 31 33 36
6 18 25 32 41 46
1 23 32 36 38 40
2 06 23 28 43 44
4 11 13 15 46 47
7 08 18 42 47 48
3 07 09 22 23 33
5 17 26 27 40 41
2 13 15 28 36 43
6 20 38 40 42 45
3 18 27 29 32 36
5 13 14 35 43 49
3 04 07 09 12 24
6 08 11 14 41 49
7 16 20 23 26 49
8 09 12 27 43 49
7 08 24 30 33 37
5 10 22 25 34 42
2 07 08 24 43 47
0 18 22 34 35 43
5 12 14 16 21 45
7 21 27 39 42 48
5 20 25 33 41 43
5 10 13 14 44 45
7 13 15 33 46 47
4 24 26 29 30 40
1 03 13 17 18 24
7 12 16 26 42 48
1 06 07 28 29 42
6 36 40 46 47 49
4 05 14 17 24 37
8 22 26 30 31 48
7 15 27 30 36 49
4 07 14 20 38 39
9 12 21 31 37 44
9 20 22 35 39 43
6 12 17 38 40 47
1 02 06 13 30 34
5 08 18 32 35 47
3 20 27 31 44 49
5 17 18 26 34 49
0 11 17 21 24 25
0 11 20 24 27 30
8 22 23 27 32 36
6 12 16 27 40 46
1 10 14 38 39 41
5 24 28 30 44 49
2 11 25 29 33 49
3 19 20 25 35 39
9 16 22 26 44 46
8 12 23 34 37 49
1 22 31 38 44 48
4 06 08 10 15 31
0 29 31 34 35 46
2 31 32 35 36 39
0 12 21 34 44 49
6 14 15 17 24 30
2 12 17 27 44 48
7 10 34 37 40 41
7 14 27 29 41 47
2 12 16 33 43 44
6 12 17 18 30 32
5 09 11 16 35 38
3 05 26 29 39 41
4 07 09 14 22 38
2 24 32 34 36 41
6 18 27 29 35 48
9 10 23 24 36 49
0 11 12 13 22 31
4 22 38 39 43 48
6 11 18 19 24 39
2 27 31 33 38 47
9 12 26 32 38 47
4 06 20 25 32 42
3 13 16 18 29 43
8 22 31 46 47 48
8 09 15 18 30 42
3 15 18 28 31 38
4 28 29 35 40 47
2 14 18 21 29 45
3 04 12 17 30 32
4 27 28 33 39 44
1 03 10 11 18 25
3 14 33 34 43 47
2 06 09 21 39 45
1 07 11 22 30 42
4 29 34 42 47 48
6 11 15 32 40 47
1 15 16 21 24 32
5 16 23 25 43 48
2 06 10 12 16 35
2 07 15 17 39 43
2 04 05 21 36 46
1 02 06 11 24 32
5 08 10 11 18 31
3 09 20 21 32 41
3 15 16 34 40 44
5 09 12 19 21 28
4 05 18 19 38 48
5 40 46 47 48 49
4 05 12 17 28 45
5 16 32 40 43 45
2 24 28 29 36 46
7 18 34 38 40 49
4 10 16 22 32 47
1 06 09 14 29 44
3 15 28 33 38 43
8 09 19 27 29 45
1 10 12 22 38 42
7 18 19 34 46 48
2 10 14 30 37 39
5 19 25 30 43 49
2 15 19 27 28 48
2 04 16 28 35 46
8 11 14 17 40 49
5 14 24 34 46 48
5 28 29 33 36 38
2 12 21 23 43 47
5 07 16 18 22 45
5 20 23 27 38 45
3 13 25 26 27 31
6 24 26 28 39 45
5 11 17 35 38 45
3 13 19 37 40 44
1 12 22 33 41 42
9 14 24 27 32 36
3 08 13 16 19 36
7 08 18 19 32 49
2 21 23 38 44 47
3 14 21 27 43 44
2 13 18 19 28 37
4 08 18 23 42 48
8 12 13 34 38 41
3 05 24 35 42 46
2 06 24 26 32 45
2 16 20 24 26 36
4 15 19 20 25 33
6 25 33 37 39 41
1 25 28 30 34 44
8 12 30 32 35 38
3 12 26 32 41 45
6 07 08 19 25 45
0 12 25 41 47 49
2 07 14 28 34 38
4 28 39 40 45 48
5 32 36 39 40 45
7 26 27 39 40 47
0 17 21 30 32 48
1 12 14 35 37 43
8 13 19 29 40 44
0 12 28 34 38 43
5 09 10 25 26 45
5 10 13 25 30 42
9 14 18 20 45 47
6 10 15 17 25 41
7 16 22 25 28 49
9 16 30 34 40 42
1 05 18 35 45 48
3 06 17 20 29 49
1 07 22 27 31 41
8 20 25 30 36 37
1 11 21 33 34 35
3 06 09 12 23 37
1 05 16 19 24 48
8 17 20 30 33 46
8 22 28 39 40 48
2 16 28 32 35 39
2 03 16 20 30 32
4 26 28 33 36 45
3 14 15 19 24 42
7 14 37 41 42 49
2 35 41 42 44 47
2 27 28 41 44 46
4 15 22 25 27 34
6 21 24 28 37 49
2 17 23 35 43 46
2 14 18 29 38 39
4 18 19 35 41 42
6 11 24 26 29 36
4 09 22 27 31 35
3 06 14 15 31 44
8 19 21 32 33 36
1 02 04 12 17 38
2 09 21 23 30 38
9 21 26 29 36 38
9 15 16 31 39 49
2 17 26 29 46 49
1 07 17 28 44 49
2 14 20 24 27 45
1 06 11 17 41 43
3 04 15 19 32 41
3 06 08 35 43 45
9 11 14 31 43 49
2 05 22 29 39 46
1 04 25 30 36 46
6 21 24 25 41 42
4 05 15 22 25 39
2 08 12 31 40 45
9 17 26 35 37 38
0 24 31 40 41 49
2 19 26 35 43 44
3 16 23 32 39 46
1 14 29 31 37 49
6 32 34 37 43 46
5 11 24 27 28 40
1 03 05 17 27 30
2 11 16 18 42 45
5 21 29 34 42 48
1 05 21 36 37 42
6 08 12 23 33 45
9 15 19 21 29 31
4 19 20 21 35 47
8 10 11 20 37 41
6 11 13 33 35 38
2 16 18 36 45 46
2 04 11 32 33 43
8 11 27 37 38 41
9 15 28 31 42 43
2 17 27 29 41 45
8 13 14 20 22 41
1 13 19 25 27 30
3 08 16 38 40 49
1 03 10 31 39 43
3 04 11 39 40 46
4 18 27 30 39 41
3 06 07 08 43 48
4 17 32 35 41 48
2 05 20 31 32 36
6 15 27 29 32 40
6 16 25 37 40 41
5 06 09 16 33 46
1 25 28 36 43 47
4 16 22 30 35 47
0 26 29 34 39 41
5 09 23 27 35 43
0 22 31 40 41 47
8 10 13 21 29 48
3 06 17 26 32 47
4 09 14 31 32 48
5 21 30 35 41 43
5 16 17 27 33 38
1 03 18 21 39 45
5 32 33 39 41 47
5 21 22 27 33 46
1 16 18 27 32 39
1 10 17 23 34 41
6 07 17 27 41 48
7 35 36 43 45 46
2 23 30 31 34 38
1 20 25 37 38 44
8 12 30 32 45 49
4 13 24 28 36 42
1 03 16 30 33 48
1 37 39 43 44 47
4 16 30 32 43 47
8 20 24 30 32 47
6 16 17 41 42 49
1 12 13 27 40 48
4 12 16 20 39 44
6 12 15 16 28 48
1 10 29 40 46 47
1 06 17 29 34 42
3 09 11 26 36 40
8 15 29 33 36 40
7 16 18 30 36 43
2 08 29 31 32 43
6 26 31 36 37 45
5 22 36 39 40 45
2 09 14 18 21 26
6 18 24 41 44 48
6 12 17 22 26 29
4 18 23 24 32 45
5 17 21 38 46 49
1 03 09 12 15 45
2 04 08 17 25 41
3 21 29 39 42 48
5 07 09 29 40 44
4 24 33 34 38 39
5 27 37 40 42 48
2 19 22 26 32 40
8 09 13 14 21 41
9 14 18 30 45 49
8 24 25 28 30 31
2 16 17 23 31 36
7 25 31 40 47 48
1 27 35 36 38 41
3 12 18 23 35 43
3 06 09 16 24 29
3 12 14 15 32 38
9 17 18 19 40 46
1 03 05 09 10 49
3 15 21 26 34 39
4 32 33 35 37 40
0 26 31 35 36 39
4 06 11 27 35 43
2 34 44 45 48 49
8 09 16 20 21 46
1 04 05 07 14 33
7 09 28 32 38 40
4 23 26 31 43 45
7 27 35 37 43 45
7 26 31 32 36 41
4 27 31 45 46 49
5 06 14 17 47 48
7 08 10 29 39 47
1 13 21 36 39 40
7 14 27 28 32 48
7 10 22 23 25 41
5 17 20 40 46 47
6 07 14 22 26 30
2 27 31 38 40 48
2 17 21 24 30 33
9 16 27 30 31 33
5 12 37 39 41 46
3 10 23 27 28 42
1 16 26 30 32 42
1 04 22 26 33 47
6 28 29 35 46 47
3 13 18 31 34 49
1 15 19 31 32 43
7 12 15 18 29 33
4 06 08 20 29 41
3 05 10 13 38 41
1 26 33 40 42 44
2 18 19 20 21 31
4 05 24 27 42 47
7 15 36 41 42 45
4 14 25 26 28 45
3 21 32 39 42 48
1 22 35 36 44 45
5 13 29 30 33 49
1 25 26 28 34 48
8 13 19 20 23 45
2 14 23 27 28 47
4 16 22 28 30 36
1 07 11 21 35 48
9 26 32 35 38 40
7 09 11 13 32 40
2 04 17 28 31 48
8 10 18 22 27 29
1 20 38 40 41 42
2 12 20 26 36 40
2 11 18 21 37 38
4 16 21 22 36 46
1 05 12 17 35 37
0 13 31 42 44 45
7 10 22 28 31 44
1 27 29 31 34 35
1 19 26 27 35 40
9 21 30 35 36 43
2 24 27 34 44 47
3 24 25 28 38 43
4 24 34 35 43 46
7 09 24 33 46 49
8 09 16 17 26 29
0 12 17 37 38 49
2 16 17 24 26 28
7 15 26 28 31 40
0 23 26 31 33 47
1 08 25 26 37 48
1 22 23 29 35 48
1 20 26 27 38 49
7 17 19 34 39 48
9 19 27 37 44 47
4 05 20 42 47 49
9 20 23 28 37 46
7 08 18 20 23 29
8 24 31 37 43 49
9 23 25 40 46 49
6 31 35 41 43 47
3 05 20 24 36 49
1 16 19 23 24 43
8 11 15 22 35 39
3 16 21 22 27 43
4 07 09 14 17 26
3 14 20 24 39 41
2 04 06 33 36 40
4 15 27 33 34 49
1 08 15 19 20 47
5 06 15 19 30 33
2 05 20 23 31 34
1 12 22 27 28 48
5 11 37 38 42 44
5 32 36 43 46 48
5 33 39 45 46 49
4 08 31 34 38 49
5 13 21 22 37 38
2 24 25 33 43 44
5 15 33 43 48 49
6 08 14 19 32 44
3 26 31 32 39 43
9 19 26 34 43 47
1 07 18 37 43 47
5 20 28 29 30 41
2 05 06 08 10 16
0 21 28 29 33 45
1 03 11 17 18 34
2 15 22 37 39 41
3 22 27 34 39 42
6 23 26 38 41 46
5 08 17 23 40 47
3 04 33 40 45 48
0 12 26 30 40 45
5 13 18 29 32 35
1 20 26 32 43 45
7 18 27 28 45 49
3 19 24 25 37 40
9 20 25 31 36 49
6 14 23 24 28 42
7 08 26 37 40 43
6 19 21 31 32 45
4 06 13 23 35 43
6 13 18 34 42 49
1 09 11 17 44 46
6 20 23 31 40 42
2 06 18 33 36 47
2 17 18 25 46 48
2 03 17 31 36 49
5 24 30 32 43 46
4 15 39 42 43 45
6 16 22 25 34 39
4 15 17 25 34 49
2 11 17 18 30 31
1 06 17 25 39 43
3 12 18 24 37 42
2 04 33 40 41 47
4 05 39 42 43 45
3 25 27 33 42 49
6 19 31 36 45 49
7 10 23 25 27 40
5 11 19 23 25 26
0 11 17 26 41 46
4 12 14 17 25 27
5 24 25 34 43 46
1 04 21 24 38 44
3 23 29 32 33 38
9 11 13 22 40 46
2 04 09 26 33 36
1 06 18 35 37 43
1 07 27 31 32 41
3 12 25 43 46 49
8 12 17 20 25 38
6 22 31 37 46 47
1 07 10 23 37 44
1 12 13 37 44 47
2 03 17 21 38 46
5 16 29 31 35 40
5 22 30 31 44 46
2 21 24 26 32 42
2 13 14 27 35 43
3 05 06 15 22 41
7 09 19 22 29 35
1 02 18 19 22 41
4 19 27 28 43 46
9 11 20 24 34 39
8 21 26 27 34 37
1 04 17 20 25 33
6 17 33 35 40 41
3 05 07 17 23 34
6 14 18 19 41 47
1 04 17 35 37 48
9 27 28 37 41 45
1 30 31 34 36 47
5 07 21 25 29 36
4 17 20 26 43 45
0 11 21 22 33 46
0 12 14 25 29 30
5 08 09 13 30 37
4 13 17 25 30 31
3 23 24 28 37 49
5 06 12 14 15 39
3 22 28 42 44 47
0 24 27 34 43 47
2 09 16 32 33 42
1 04 11 34 47 49
2 10 18 22 34 37
4 17 25 28 30 46
1 20 29 31 35 36
4 10 20 42 43 48
8 11 25 27 40 44
2 09 26 34 36 45
2 04 05 27 28 35
3 04 12 16 24 44
3 06 10 21 28 35
1 19 25 36 40 44
9 15 28 33 36 46
2 21 28 33 36 47
6 17 18 26 35 39
2 08 15 32 41 44
6 08 14 15 19 41
3 09 28 32 36 37
4 16 22 34 44 49
2 16 23 31 34 39
1 11 26 34 35 49
4 12 19 20 28 42
0 24 28 38 41 49
1 12 18 22 46 49
1 03 20 29 30 44
7 17 18 25 30 47
3 06 14 25 40 41
2 03 22 30 45 46
1 03 06 12 16 40
3 04 19 21 29 41
4 09 25 27 43 48
6 11 13 15 24 49
7 08 20 23 35 42
2 26 28 32 43 49
5 22 34 43 46 49
5 17 19 20 43 47
5 12 20 22 38 44
8 09 17 29 38 48
3 13 18 25 26 38
4 27 33 38 43 44
3 29 35 37 39 48
4 09 23 24 28 34
4 13 26 35 44 49
3 06 18 33 36 44
3 12 26 31 42 49
5 11 19 32 39 42
9 15 18 25 28 41
3 06 07 09 10 32
6 07 13 23 25 27
1 21 30 38 48 49
8 14 33 38 43 49
3 04 26 32 36 49
7 21 22 23 34 40
4 07 34 36 46 48
0 28 33 38 40 45
7 13 25 27 43 45
4 12 21 24 29 39
3 08 10 12 18 42
0 12 16 19 42 44
4 11 17 42 43 45
1 14 22 36 38 49
3 15 19 31 37 44
8 12 14 17 27 46
1 07 17 30 35 49
8 09 10 11 38 46
1 07 15 25 32 49
2 18 34 37 40 42
6 20 35 39 40 49
0 20 21 38 46 49
8 10 27 44 48 49
0 12 33 36 38 47
0 29 35 42 46 48
2 04 05 14 22 31
1 15 26 33 41 43
6 09 10 12 37 42
3 07 15 20 22 38
5 07 13 16 21 31
1 08 17 18 40 42
3 15 22 25 26 46
0 22 24 33 37 43
6 12 15 33 37 42
6 11 14 25 41 43
3 17 21 34 42 44
2 30 44 45 46 48
3 05 06 15 43 46
1 15 16 25 29 45
